lati : 22.284681
long : 114.158177
lati : -33.8634
long : 151.211
