lati : 37.33092521
long : -122.03077056
lati : 37.330798
long : -122.03072881
lati : 37.33069642
long : -122.03066881
lati : 37.33061331
long : -122.03062365
